4017763783937269271
14581472591061539453
13850148706045623975
14167208788589180537
10977656699485584087
5776292175143428446
8095268560794393928
6717975732142314365
9180203993734598481
14774343661145486988
5029670285485429253
4336416052331232316
2841616719707071751
9915720017010428390
4418745469937915682
6027758971751052800
14510580266745809613
9486456930519929266
17253767337544019389
6684770904676748065
6228384934452605138
16955857952228090166
12130346958380678732
1120637696370979787
14721898813662465622
9365713090932231451
2407201615962504523
14411403497071920682
1819881656621426663
10146917838559087513
11487774765844639437
16016690184937389740
11043517093650747403
17260228751475632239
7432900538052871728
1027566366468880048
4514642745554805569
2491630561649197677
7654433329849036158
7198274837471467776
10368156103349733760
9027723305091012300
2842823217684751194
13771137541254298863
12998988373783063118
17783009737415588749
17465427015255315953
11898133217064477001
2597089212424395511
674046991087768888
5211461191541063668
6287740798664364067
588511827912093423
1525282952141710950
9355983109475866947
3983918278448363278
10298991512425689666
5589327216092471002
2087074925085408845
14096747799324980364
7749974119224875204
10273672598029794497
2010480278454314851
15791693261149658645
4016138105214780121
4205313115137717109
11892656633360257874
15396678960799299151
14959769122089851604
14402018182688909832
10814371586586021451
13448554223262126224
12442995571406657747
6404538897243258015
16500392448699795095
16190052255148292318
11203038853985275083
17608184500408850831
3107115788482909302
16234633967765466630
9156622373429034539
4940730977331847287
17001111980221068240
1181124898643762161
7042201640385088875
5062001792694215252
2092241566259471617
16740115798282967557
1672520136043578697
10086036900283954633
8357687800086222875
5530505363341515427
5303256338037530373
6976665996084301048
10131113280343415741
17396274778243905761
14411843471202193230
3138063647324892063
17175927337665330950
16119656790058930094
2416523602036836406
8500884885353252696
8825816786334113922
12104063293664407578
5439873429273352264
10488320394780439524
16237141078023352545
2009124736521016287
4781487369627765198
15233649416512778733
9732887703317077450
6899480595625053821
16975130792441338923
8980988280727844827
9580954328002146945
13735207929783793590
9899295537406215186
5726084059744344512
13094141985803758170
1451272855318491438
7547589907258370542
4093263148550434734
8805379267306515202
17123504485228363969
7927746796349976847
14429518700006000534
12860822765420952960
8682907380683175177
16347859178987113864
2539444895356623563
11276661928177924166
9469376632389957802
17840315060185877060
10043192731901147055
13151387229114106659
8542752821126866020
13121646001014010616
3427671027419187611
14084802644947587159
6739656885418346387
6959200294933323818
7950299496086484370
7070241454117857495
2626415936881148555
4068046742388606267
681662375904397414
6946941727073070250
15886449741471832109
2721744485437540940
3118603472624195771
18197100996547393295
17415913386422530034
6165981489295865760
12618078572367294504
1923180004749218548
3844521293757908988
6584068884421996514
18014498326101973346
14441319275569780537
1530076063032820478
12702643102468657816
4855992227934226974
4930130712268812616
8087015556336599176
398654067273040517
2918782725690111152
1965661194820635139
15236188817815462330
18039570569385456436
18342628316766334297
17310136206089631483
1208724562299944836
7091191912874987668
17181197134287225774
5218936401758240267
6645067110456208152
12283167925447661392
3884603298339960873
15373504249176734598
7655711798378535765
8977053906526359739
8083391186420783633
13899442774998286106
6864459143792150239
2945787421682877018
3187159220648160485
14115757444063357752
2996960090633490375
12011297951403572710
14785653829126429406
11885145842215287385
5633483834388356326
11945639089235725434
5647534682494518757
17838901073935529621
10169497247219210556
5867803415078542447
13696474914803147509
15175052468335635610
15779725245894099517
