# Seed fleet list (tools/seed_fleet/run.sh). One unsigned decimal seed per
# line; the quick run takes the first 100, the full run every seed. First the
# seeds that once failed or exercise a rule: 17713522922938657774,
# 5575844014311305038, 6410640627505506314, 9512886083845910081 (stopped at
# load before Round 34 F3: a river over anchor 29), 4282870288782723 (a river
# between anchors 72 and 101), 2996858566870034 (a tributary junction across
# anchor 31), 12345 (the usual test seed), 3684797457838814663 (the production
# realm's seed, with its named crash chunks in chunks.txt, Round 41); then
# random seeds alternately below and above 2^53 (fixed, so runs compare).
17713522922938657774
5575844014311305038
6410640627505506314
9512886083845910081
4282870288782723
2996858566870034
12345
3684797457838814663
6866842473207
75731352233772710
52857145422941
378823812252024157
131326668077996
536848449312304584
144317006856832
546685758698740298
149812936261531
809064843090012821
219471344270569
1044486602088043433
242386438251100
1106439485595573225
282487941662923
1128139817863128323
288542770271758
1302672481898954152
323103855302695
1323159794382059362
349612920386346
1445372798720190656
565433840066662
1472993485033885391
587653980902461
1584942290392717997
634425740233143
1598556932139183406
642104573473858
1832871829642488463
644155983349864
1859775881767637243
760636662520027
1913725746262608267
837015362938546
1944016281967541796
882779105855766
1984695368269738355
1025459794451513
2032746398956509751
1076175452146533
2186310988826679426
1108554183173358
2220751261770362278
1385736557670328
2275410772811666545
1426746235661336
2427915306711771687
1487331073321948
2505640872585230545
1541525253653682
2506337953900734514
1552427553307566
2540591923409928698
1557135168140858
2603538145268202561
1612036447530799
2639245438250269307
1614427220065812
2670698888548291375
1649741060572264
2714820089748736689
1652887980334839
2829878412745583755
1656129883699962
2867805375771047111
1705744517531203
3021704118168659162
1758932710374765
3128464396281980732
1865656876311604
3418859184549183767
1912274604425070
3710444017492642270
2173591038708493
4102819809132729098
2308348229754298
4134590262952865089
2330400098355192
4173200006578792045
2487931159030088
4427159859576368607
2542164128897379
4942202992339307975
2588912828827934
4988297609567792028
2593595597153795
4991996270372890383
2593978682889946
5063539346570220217
2626230823712168
5283280842098047815
2688922133946307
5349323400447219969
2746742329775788
5371350977897097096
2796520893743348
5664044364126834037
2819375489382081
5723210347997011760
2881439466604233
6039215541460633031
2913443457476643
6118418743075913791
3149126132427736
6270635025511224205
3162848845548098
6281746899809970007
3257629727441901
6384852436777164986
3311218994994100
6864343403006718015
3348311453609903
7356289917671748170
3360425347162910
7477864087519001743
3360533540704027
7697049029696711414
3401580538190690
7850716073350720698
3662571897932201
7941551407158813856
3703954741056056
8037354286246730054
3734364447552318
8315072470727932166
3740889393953705
8457246812510873685
3826136239714056
8499871690238886806
3879231395064522
8606337410978317587
4023258242830877
8751991781874061786
4026581097885813
8896142284357728474
4031634666256967
9021187319685783640
4052426420826680
9189917688929971004
4097575643728749
9413603323523945078
4115318287802888
9493833508882975706
4389063315141916
9765733183782716119
4417340141336954
9855446330449189394
4435565117556084
9937469290852043240
4504129989260411
10089817183992376993
4626856430328882
10227821598913362077
4633131782315963
10392058100988723867
4659205633702874
10641470940618823769
4754176107644494
10772389403272409684
4778194975690619
10826430435374778855
4800083044735720
11052278335360806746
4880612662057997
11078426822116566166
4888499611259237
11112024098120667488
4952411809852728
11258298002856865838
5009766858084525
11548623403994975430
5044298217229186
11646917495020210262
5144676503241754
11719263556733549133
5180472820096268
11741894342667854808
5190980359115672
11788089220322664933
5226760484350921
11950638358474802975
5289056036263076
12174706855085800477
5334534655040171
12500867152009829494
5363050640347758
12627511049005482237
5379548041840123
12666012515967117470
5384019327279558
12725071550428106966
5527603367267657
12739005770430770857
5530450057080916
12791682372577934036
5707569243138747
12855034105271413041
5759287818035127
12869823267988857842
5804248721883739
12938183950632013075
5810272323584793
12981194099058116364
5924064290228120
13008477690229026864
5927859890471697
13080837493434935067
6056272460640613
13161236149504611632
6115202250740515
13193201973902968505
6142309179496328
13427112727763470005
6191390357823319
13447617551378319290
6236791260231598
13504090143007379864
6385651458762449
13582080617456779427
6391559068503045
13739422512677792476
6456295788273187
13970018771285595213
6470022190382881
14103876932160990696
6557307524784393
14364412706436914327
6636834510047321
14385973551157505207
6639451451634896
14557774622217271907
6641078423486214
14867089790948164683
6680198225621460
14924159413549572863
6884322284287550
14944653415558030435
6884457690966508
14992174347008300888
6996060620161048
15114370266504610775
7151249102482713
15181722755596890158
7235339550654288
15562583707417277515
7383683037002434
15732137846525462570
7468328796509440
15898177080089594080
7555881993854945
15935523331551577888
7762717640716069
15993471725109699799
7790460340532681
16010628140504489507
7800356664102792
16035436890810777750
7871142623573147
16105305721989459058
8012199542004739
16126093384441475800
8039129559975971
16147810413034078468
8064809095259971
16160903835790802545
8100529303280204
16192827432198016468
8155285601523565
16358362322250362721
8439479274114518
16374243741958229629
8496050944086391
16519361698166964141
8535127735605477
16715415753774803341
8599933074172570
16859635950204968528
8631966043125180
17093504600235342846
8641793996458385
17580590872923423026
8655813139661667
17605985283413106268
8733442789508859
17803633856911778359
8777664454597389
17888668999543058995
8957192134877049
18078792747233269801
8970453513686525
18216864940379616407
8981685025890416
18341977114608812868
9006005325409579
18384826659510557873
