seed                   capital         vir_b   vir_a prail_b prail_a lamps_b lamps_a rails_b rails_a
531802985935182545     highcourt         378       0      52       0     794     741    1102    1048
531802985935182545     dur_brannoc       561       0      90       0     864     816    1672    1582
531802985935182545     gor_drazhak       258       0       6       0     800     744      86      80
531802985935182545     lethariel         963       0      38       0     770     593    1022     944
531802985935182545     kezamba           223       0      36       0     416     392    1090    1054
531802985935182545     nhal_veyr         279       0       6       0     800     744      12       4
8675309                highcourt         379       0      52       0     794     741    1080    1028
8675309                dur_brannoc       409       0      64       0     864     816    1530    1466
8675309                gor_drazhak       280       0      17       0     800     744     150     133
8675309                lethariel         940       0      31       0     770     593    1080     995
8675309                kezamba           236       0      40       0     416     392    1194    1154
8675309                nhal_veyr         264       0       4       0     800     744      78      72
15912857179583385436   highcourt         375       0      52       0     794     741    1050     998
15912857179583385436   dur_brannoc       298       0      36       0     864     816     416     380
15912857179583385436   gor_drazhak       284       0      12       0     800     744     108      96
15912857179583385436   lethariel        1039       0      49       0     770     593     974     870
15912857179583385436   kezamba           225       0      36       0     416     392    1118    1082
15912857179583385436   nhal_veyr         269       0      10       0     800     744      40      30
0                      highcourt         412       0      60       0     794     741    1184    1124
0                      dur_brannoc       458       0      78       0     864     816    1434    1356
0                      gor_drazhak       251       0       1       0     800     744     116     115
0                      lethariel        1004       0      49       0     770     593    1056     964
0                      kezamba           221       0      36       0     416     392    1252    1216
0                      nhal_veyr         271       0      12       0     800     744      94      82
1                      highcourt         377       0      52       0     794     741    1076    1024
1                      dur_brannoc       335       0      47       0     864     816     980     933
1                      gor_drazhak       245       0       0       0     800     744      44      44
1                      lethariel         957       0      34       0     770     593    1022     936
1                      kezamba           223       0      36       0     416     392    1106    1070
1                      nhal_veyr         268       0       8       0     800     744      32      22
2                      highcourt         380       0      52       0     794     741    1066    1014
2                      dur_brannoc       271       0      18       0     864     816     364     346
2                      gor_drazhak       304       0      19       0     800     744     126     107
2                      lethariel        1010       0      46       0     770     593     980     896
2                      kezamba           219       0      36       0     416     392    1124    1088
2                      nhal_veyr         285       0      12       0     800     744      40      26
42                     highcourt         406       0      56       0     794     741    1192    1136
42                     dur_brannoc       247       0      16       0     864     816     398     382
42                     gor_drazhak       300       0      22       0     800     744      98      76
42                     lethariel         949       0      28       0     770     593    1054     986
42                     kezamba           218       0      36       0     416     392    1102    1066
42                     nhal_veyr         297       0      14       0     800     744      60      44
12345                  highcourt         376       0      52       0     794     741    1044     992
12345                  dur_brannoc       563       0      80       0     864     816    1738    1658
12345                  gor_drazhak       268       0      10       0     800     744     120     110
12345                  lethariel         970       0      28       0     770     593     934     888
12345                  kezamba           220       0      36       0     416     392    1160    1124
12345                  nhal_veyr         298       0      22       0     800     744     132     108
999999999              highcourt         441       0      60       0     794     741    1360    1300
999999999              dur_brannoc       389       0      66       0     864     816    1076    1010
999999999              gor_drazhak       241       0       0       0     800     744      74      74
999999999              lethariel        1001       0      28       0     770     593    1136    1058
999999999              kezamba           223       0      36       0     416     392    1216    1180
999999999              nhal_veyr         245       0       0       0     800     744      26      24
