10019212631029481282
10050140447867716291
10061285245861425370
10078596680119412136
10089802130870163353
10095158457134863291
10114211662372094287
10127862948191504780
1013
10141045410582274869
10166764719625599498
10206330758634813921
10214715060454952968
10225717349847934512
1026383728877078735
10287123752491422377
10305177233114129512
10317446502000550970
10369977955706664681
10430299341642729833
10442796276935277337
10454278029817401678
10457030979861572024
1047106973141997632
10513448220483226680
10544399238586278612
1054741899364677544
1057458824395880769
10593673171522142539
10614604501460886103
10622970877327493902
10628570014906587158
10669853520858246150
10736854345305625724
10741313433834820552
10771016244368369722
1078989393232225500
10809221737848208416
10812063812443559586
10816772154004563414
10822756951648989747
1084023924618071893
10871967957124136047
10879036603008009608
10880049916630945192
10888874058891788794
10889019043404845677
1091888438071582515
10920632392224374397
10926984421512125847
10940304306549215570
10955803713950339344
10958005904297776829
10973243228915333936
1101932390291565152
11043570654620866640
11053425980111382177
11054694490178972638
110653833044787344
11071303588497866846
11072429267311789251
11083980894187492670
1115828383604871029
11158450635864097668
1116026009268696029
11167522737639384000
1122313149829793658
11263595891627253542
11282321817065185370
11295776109432171568
11302757704130040802
11322525824513004585
1134078625656761515
11361049356097428516
11377478431265809489
11389735041424468300
11408878475355014396
11423294273759595627
11427557375401483788
1142982197453471232
11453455180093340398
11460881170003218587
11523724510767573852
11601563573506133959
11604862822071079701
11629947269312647447
1164327074595847354
11652499850887885433
11661074987823686753
11674665778534324759
11676351134319347575
11753137248697286718
1176225755051990296
11777223807546403608
11807995767218028500
11823137192736139127
11836023463749175498
11836098864984259531
11857866923634137100
11863239218451078418
11865940176748743862
11874901334596045425
11903979416124600304
11915375316930455185
11918177143352046348
1192142680501052159
11924893228128120068
11933452087723869912
12002031852176892063
12019463346171164390
12064493997796020797
12067265980740904565
12074133892079103477
12088573223483622098
12098178265949666018
12127878370512335860
12148900985661238586
12149685678221140862
12152601003591295569
12182830275470725822
12191780978850164148
12207662115982231433
12225241253895240622
12244309031093386676
12282824060040309440
12294016822722796016
12295690114271064097
12352197052375671635
12362400864775258182
12363987203096157498
12407945052350363455
12473480683321612792
12491657079668655362
12552182786202190698
12606573384647032298
12610794383659400683
12612153811912976145
12620712181832827895
12663526933554577561
12671949741350021730
12703287191159130335
12703805183757377778
12750799011628276768
12777651675142989180
12792569924131156257
12811275875029111433
12811822211863033458
12814024767576832390
12829773036969396656
12842093793205938997
12854335669198908960
12871379756952329429
12878463541042970438
12878868616726308116
1290646225298478909
12914496600449252805
12984342433528964854
12984858714301401492
12992877578589855620
13025562881562310449
13040990104392147821
1305216605340212829
13073552121355852265
13078830400806844920
13105646123227080747
13107728581238924657
13109187399349585263
13112390436845898963
13120302908746918763
13154824947497299081
13187503930752937656
13214251590142156812
13220718828060727040
13251637880771473167
13278700671775296842
13288670744076356632
1334518206454874366
13345742988749829251
13371518036916984194
13438680035650756178
13448189930116431341
13472858754254909274
13505111760821411428
13520092465547959299
13527244014576411562
13534078763185643279
13546600036391142664
1358350321421108781
13585950091818100940
13587874387093749262
13590305264611923366
13596240218482407726
13652056148429964036
13698688512226940549
13726495484082222995
13732284540319289159
13743223352722716469
13768926173486357594
13839477336627229938
13851435234009233735
13861327828461208271
13905884948739461272
13921913078479723838
13992630745451860093
14059312857649648370
14069512201185979916
14073591680826392149
14096018006057852297
14108017129489285255
14115413590142170251
14150854673896554257
14175064795755367276
14208265379262348338
14215627049250291690
14220404306863226777
14231254086555860403
14241604232686890962
14248986178048582777
14261211502916621819
14287828534368309
14288151499390209803
14304095187831181046
14304721617195076364
14362026423757307589
14400318883246058334
14400829731121922670
14417755476225333876
14421370401745980363
14458263196873597919
14480215744268184911
14492179264685311323
14493068580493336811
1451581954914783610
14518230489796814260
14531928150479443616
14541630590989983398
14557872582068228180
14589645449579760427
14603334822590043307
14623431141336117636
14655539682519349583
14670696673227782069
14678192685219738090
14684421057287097241
1468823664142742942
14709879318462466656
14747613664615103045
14750725921772548555
14788909825092159875
1482201896178106203
14825825871239299127
14829536237797421380
14842784537745747231
14853442583180572872
1485352283435233509
14896356033241123806
14908969203427455283
149203394577413699
14921526846041543504
14941373652317608894
14978946242790885843
15005883080755756979
15038468404813941763
15048559706091752662
15077649550467552996
15078266915309324821
15085806345944016147
15100875292542506076
15109254700987051599
15118950432454512080
15125875059106712910
15131325601518238978
15182098133283257295
1519091772265399179
15205489056156000779
15244924438205019282
15336089859485966507
153492542789490242
15382482392296884217
15406383060668412899
15477261870415874424
15484413098167242893
15514835395424444532
15551074686457485131
1558573886234946763
15586650180295395019
15627800845190126495
15644393078720674467
15705471523859260656
15707339694819087147
15733652740710704713
15740997670488624026
15787561832657317450
15788588013075161888
15808867059050478574
15816248123423104877
15818410682221093025
15826110958550468426
15838617781025266244
1584111603967690318
15859708444733226815
15885847210203864940
15894167471412935427
15894206912139929244
15896359590439500402
15930250154406783165
15973019994260658427
15976616440543533625
15998529812283994649
16003112361264983997
16117522397336550151
16129820346265331755
16133171101880999682
16148414817935230715
16157202201364196012
16196876035146411427
16211950469361828025
16228424373686344988
16232182114152462858
1624421041168140411
16246896083573135076
16259881287695577926
16269333885697303670
16306568880026481427
16329777379373455019
16344823264787559209
1635663882471694126
16384688763592979961
16395152534499892765
16458780098195769217
16495887802033451748
1650872284961578052
16518863879081592980
16532582168365061199
16579266841873325621
16581383313954303832
16586962047346546940
16610154223981065268
16620660632370242660
16622242965900012281
16630834503447713500
16714665758568018019
1674668845913619492
16751978870253060737
16757488605060199509
16814994096292076622
16820858163896053580
16825273395126106881
16855629380782714676
16862158045945641783
16867038728522556939
16875958721644589554
16898943378696901062
16906087688861220795
16907018253577479650
16911515115340098482
16983301671765140060
17012032098664744659
17029728879886614496
17032163758848233172
17041564003672340972
17044720332419976251
17060844947595542332
17092393032788926643
17110358906671134465
17116233274782199631
17159068726245804044
17181394225254791580
17182519793145077595
17228157044811461359
17234678987716697609
17236014530193878767
17247829349058226856
17276582321790984322
172991200114431608
17300911250154159472
17358252109690539102
17390706986088184050
17399953257405420641
17402242678845202308
17522810817544369134
17535956386746736369
17536649367413956105
17575931449299857808
17576612601041741313
1759947090595581429
17613707944967326040
17644690652879156284
1771012755328378223
17722324021050860700
17737451264321948441
1773815890074337695
17749864283808726249
17751189786607709440
17778511878982155111
17787379258559505380
17788636120149415959
17801611240355512195
1780552512274241362
17824325494656929375
17828090768048657086
17851911974756848080
1785211107899140072
1794040443760010323
17988717495517692281
1799105521915687927
17991222327502791218
17998121070556075434
18010077677815513909
180590158983428342
18092607782611765560
18093751365943054681
18111402219341214654
18139851858409396368
18157268880745830998
18171940200422843206
18212353870357476593
18221832147366252483
18248949315974560
18286391865091582412
18300103865968580685
18323965333252604117
1838571036638277030
18415456489743786777
1861004881043439708
1892117483594893736
1907718601490226479
1914891444072834567
1931467198094894984
1937057353638811565
1954879421087266088
1959553668008863006
1970853801631779424
1975788176024191514
2101879878182284055
2122817618967960487
2129076301229590859
2130181618845736484
2147109966851828705
2147483648
2147483649
2148278779331812294
2248220729266042640
2276129950961818771
2295248943098965742
2300627373420768785
2311025365892982473
2333769041686471703
2340938578954865545
2378437553440327580
2381185970375556019
2403471532415363229
2434568369623416418
2446222297438899083
2464209902079328529
2466379686918096853
2509530500926166206
2542133761242263097
2588052184636369278
2600633587454528687
262545642911970442
266761155551028310
2669890462650851865
2766421100295396708
2781415902875459641
2786925302989084958
2795437858429807321
279659772152442041
2806709694465548370
2864624040672966030
2876024209240973682
2926382462932641231
2933794168268214866
2949041985272797456
2954554130062320258
2956385777219421275
297278315000172331
3044114030633533659
307544052713672890
3078925351885562198
3088496925377320678
3115039759718867281
3154724751952718171
3162478959164558773
3193179229712294009
3225378799042139986
3234913663838208697
3253762158045475787
325797350111788445
3324294388868685121
3352176451631023676
3380790424746818198
3425673151497182715
343674299183575008
3444666134667078124
3448307769761723877
3459857101975749678
347327295174001454
3505088784697770495
3545948864017585819
3571746709092927743
3606592026589715043
3629326307588644379
3630172274539109238
3644917269842957951
3666741136292618708
3694063461459218516
3736237635604924569
3749340766799445605
3761008658262872347
3778006844096265130
3816500427083018091
3893664149989479337
3895796631258274732
3912758079476019429
3933289222528209913
393364769242200082
3936443809953362308
393974043703439009
394240110558074301
3966720086233919477
3970296606818052781
4013871822745533918
4080135622766162976
4098698689579551506
4106943117336075327
4134694703145660815
4150925118458746877
4154650258832672681
4169578519591758928
4181014024518508064
4208678693454321862
4225045548165451144
4234696617802158568
4235392994147637407
4246194124356532850
4253932623288717473
425890877909919545
4277741136230740952
4280438370593198989
4288312845186791152
4310369221643526295
4361981182377355060
4391361867705489415
440054141075849587
4408015570992634686
4448430611157268896
4454431421274333176
4455494558075196073
449763574764470783
4513918821326658760
4514564067765809479
4541741007640778356
4575948021778710739
4607335243126017718
4617277915591021209
4704484031928908915
4733240883161403671
4759985526045532609
4793717630511369221
4804068843364687708
4807367209210965909
4837606426483628908
4864049793493322742
4880667023242468774
4912269975117461102
4970317089984900608
501535562992590246
5016738202958665311
5029169004010859112
5071039201708485957
5119888571741169664
5157288282264395430
5166869991617336391
518721189235386771
5195374310410428499
5196004203494256751
5250577754507260580
5279977110932919379
5285334677927847035
5346107832726252751
5362267884790732571
5371262015818823082
5396963789421785207
5425908782456388954
5447189764449441383
5470190543328588126
5491467256455022334
5506978516855038922
5511113219680605840
5513213450169050987
5522559045351221282
5532261615983479179
55441603865214758
556495218281815300
5583474497410370463
5586903592278678683
5670218551395856482
5716489152188581739
572131589391146573
5774294428586859171
5777555284922627665
5782966195981039579
581003070168145849
5869072227159166570
5874802965946096941
6003589069145360594
6058341980007287606
6062445563560459365
6071911433535184866
6074128728471437826
6098718398754261652
6111057186605285837
6157437059290681246
6186938204032412752
6215642468429143651
6244764477802063827
6264576388041452905
6290997010136214827
6309931778889136260
635912018268662479
6365490268688578306
6370243300005790970
64187198000794543
6449515493504056862
6463887568798538781
6485735077184796389
6498583877355049654
6514974001533495230
6537915230485100966
6551247211437043797
6590264166639355420
6606912006260067846
6628082689573243429
6692092492332211284
6698918030686734336
6716966456885196819
6741810768265387993
6747696572009963266
6762100208957449689
6789505881895246936
6805536634960410394
6825285479223380327
6837123623214715482
6875165222876498463
6879640205844589960
6901287618016346641
6911358052584777615
6967089241010248971
6968142708707040394
6998844705991361116
7045436217309491686
708173698986946799
7192380004566483399
7205331557757697032
7213920949389169398
7216085280327087663
7222173336137119255
7222723702706441036
7256843879693543438
7270766811634418142
7290628096552412107
7297326467507313712
7309736770196499160
7348404666293403113
7349734217776014387
7391838468308909231
7395327478288047892
7403557699456021182
7408495138976362170
7456133577327011006
7525054411437709917
7553624664043607101
7581965007974061712
7608351778511135299
7627345018541142152
7649342729678816610
7650952281594364169
765111304806581070
7663941555949081534
7792996244576072341
779351680928917092
7793992150967596721
7814271093026325940
7815344281546620199
7820533316652224143
7834407735432091844
7851242355115945264
785869122509563282
7858980432659821180
7895661364083783343
7921513688806375529
797545790035232815
8003871659703994060
8045666008037142179
8067297330599888503
8082753416176278824
809652570026485219
8098960846894938747
8105386439478898501
8118839283201131377
8119291565872041763
8152141723854652970
8177258333808107020
8191846033050687995
820235156012237974
8232565312062675998
8268116523828631117
8276766325714702847
8288862766776164855
8307949963801310670
8308198412756424705
8355396538995658201
8372362823104510425
8380250466144972739
8396954405541425850
8398611397332991432
8406589903243314127
8476403122333205861
8480955488775068295
8488654692136934780
8490148053056304225
8503737866810097735
8516270643199900346
8535567234549122794
855383084113379150
8603357851201398543
8611809224943337558
8617325392028656649
8621918300605379646
8629493654408010179
8639910366105620036
8686303989798418815
8697591027068139775
8701880475527531552
8707765982136859600
8709934469888495957
8726576276174262612
8731451603697195245
8738384930764980438
8784572764437425303
8786971114121773055
8846999115869221437
8883038375901085827
8911085037054386579
8918641694008650416
8920880391522241703
8934669682507291444
8976701634565841818
9015753791176572558
9041456936187168748
9042463945093366595
9072446130347501224
9074133471382337690
9074136712330005768
9076056946010125915
9081297663892142613
9096747699724413732
9208412527164676446
9218947925035868737
9231747976234963327
9236173376266738795
9270420993067282217
9273194008766538650
9303163470906920549
931626911858151874
931773826659456766
9327537429894848388
9341733554550670754
9395477704757433772
9401564228877644696
9438655787773871846
9455506636347992743
9467609723097329403
9496494730890625136
9507983524814001567
9543794555444930512
9566985573343994767
9608540964872380997
9622398790119996525
9638664270636670749
9677791336925527973
971992773778465220
9749680266229831314
97665215198973151
97842879447677500
9787718413771448517
9814016391136863559
9821343000013138242
9831339852469692523
9857330892102657690
9872782508619808023
9924726649954383540
9934384926804688676
9960063108020082287
9974419465878579082
